4204445
42114213
501571102
508014659
524993747
525941500
526979565
529098274
531285751
531995108
532058655
533427306
533883260
535532656
538870740
538887432
539582764
541813271
543354941
543393473
543815182
549025663
551822324
552060527
552812906
554564053
554794770
558325321
558360553
561617132
563103196
565607700
566597705
567758812
574032180
574497136
576561457
579958980
583442318
583768115
584873228
586045303
587421286
587787020
588056557
588230924
589151889
589688402
589815358
590171709
592858751
592880505
593024456
593851003
593896229
595669531
597683659
599221782
602188714
607550883
608228123
616967023
617466582
619841115
623154173
626084767
628168850
633362861
634155666
635983782
636737372
636886913
638025700
640016101
641579746
642002049
643332595
646997321
648636820
649645360
651794324
651860499
653726483
657076765
657694140
659470178
662607075
662729396
665074018
665288136
666515916
669452075
674932477
676227387
676439202
680602664
680743651
682972191
683076432
690685863
699399155
699408678
700941151
701393658
701625350
702210172
703798180
707541947
709302484
712679740
712825925
713051909
717815453
718079704
720230343
721640456
722435649
722480314
723384170
723849370
723859072
723874477
727551391
729765797
731506509
732006128
736625500
741125365
741526249
743199008
745052624
746148720
746875202
746888455
747410866
752387532
756911418
757159863
760889869
762369643
763183553
768765718
770455715
776196958
779657008
785189679
795380065
808278723
808399024
812640566
834046892
835257629
835509687
837843495
841748787
842995493
860670494
898480376
1001434303
1011999563
1015311629
1018079953
1018937582
1020582411
1024170101
1028319991
1029495348
1031403338
1043799049
1044164408
1045443198
1046972110
1049053109
1053756351
1054265277
1054581783
1059819609
1068129354
1070274946
1073894793
1074740684
1076117895
1076300674
1078065275
1085987387
1087652475
1088049744
1089106609
1113343322
1121835440
1125561903
1138239667
1144668716
1150069364
1162711399
1169237069
1172690605
1178432489
1180950057
1184140517
1198274495
1198776861
1203193081
1203460342
1204129369
1204847694
1211119806
1213722138
1215017309
1222303106
1222806806
1223302578
1237530587
1237669148
1247350771
1247357527
1247374377
1262423736
1266184761
1279534173
1284708074
1292398380
1311772338
1319557701
1341679243
1346562746
1348178105
1352415397
1370178538
1371793320
1372444322
1375851527
1391406030
1410082034
1414730508
1426774900
1436520245
1437769980
1438570128
1442240269
1443433329
1447567618
1450013035
1465406629
1466049773
1472524194
1474871400
1483136530
1488439911
1493095999
1495692739
1497544449
1501994398
1503820368
1513264149
1514441921
1536653813
1548304401
1558951871
1562845156
1569603083
1571018424
1575529816
1576625400
1599571579
1602127773
1614120164
1618625460
1638207752
1639601883
1640534818
1642347071
1651693325
1658870381
1659006072
1666810884
1673935959
1679351999
1681455505
1715872235
1716805958
1765407795
1779281195
1781561290
1782627142
1783187189
1785314992
1811635489
1812662294
1817304156
1818295686
1819640764
1835619974
100000002040551
100000002624658
100000004298769
100000005142256
100000005521302
100000030196787
100000037595651
100000040886674
100000057529011
100000058223900
100000064084930
100000081946817
100000087338629
100000089335688
100000090001536
100000092844942
100000096103951
100000099824918
100000101091826
100000105330085
100000108358173
100000123280403
100000124846796
100000125584241
100000126969050
100000129048643
100000131040695
100000136636394
100000147192446
100000148569289
100000152886101
100000153863392
100000172500100
100000173495399
100000176034358
100000180735556
100000187603767
100000188233979
100000190237386
100000190257699
100000199699953
100000202192180
100000203535294
100000209575244
100000212176967
100000212488182
100000212894266
100000220652651
100000221439902
100000225122666
100000231229813
100000232626672
100000245141991
100000246526106
100000255107017
100000258143503
100000262832130
100000270204031
100000272347752
100000283242909
100000285916192
100000286292717
100000305988453
100000322992457
100000331385335
100000332748357
100000339557363
100000340198225
100000345502806
100000362813572
100000366954792
100000368521286
100000371338138
100000376035800
100000383650156
100000383780407
100000388785159
100000389094198
100000421927398
100000434487971
100000442462664
100000443915591
100000452622466
100000468780866
100000479242631
100000493863566
100000521542082
100000526662625
100000529927016
100000530111836
100000533890545
100000536562346
100000536680791
100000537670938
100000539150888
100000540366885
100000543007647
100000544986602
100000546248852
100000546371959
100000557402971
100000569739414
100000579747459
100000580915750
100000593278109
100000594022119
100000594158150
100000599366487
100000602868877
100000605907756
100000619074135
100000624361056
100000624831962
100000625738570
100000636754479
100000637098088
100000662231089
100000684174125
100000686532557
100000690391652
100000691778021
100000699954883
100000701920500
100000711209243
100000711675960
100000715464581
100000727930304
100000729379220
100000754773933
100000774911558
100000781419582
100000782924824
100000795189266
100000801626484
100000824866935
100000831711912
100000844659710
100000856943071
100000882913586
100000885067573
100000898492475
100000903310250
100000907105122
100000914150528
100000960089327
100000963978660
100000973070149
100000973259018
100000976925565
100000988059905
100000990327971
100001027762882
100001032264321
100001045821623
100001049154183
100001067025468
100001071650374
100001071741769
100001072638105
100001081502710
100001083769184
100001087380159
100001096380278
100001099247300
100001112801174
100001113581711
100001123336292
100001131528530
100001157312037
100001160228169
100001172965303
100001177443400
100001177599373
100001178644605
100001180412991
100001185833331
100001185950383
100001205148857
100001207580138
100001208871404
100001209870199
100001222645906
100001224715479
100001228557423
100001238123423
100001241540199
100001246160301
100001263168969
100001273550639
100001274815755
100001276697437
100001278894411
100001288761465
100001289571288
100001309446598
100001312140939
100001312982433
100001317717777
100001320775824
100001331576164
100001342160023
100001343466587
100001345155523
100001359051433
100001360147037
100001366923804
100001367200395
100001369111188
100001385970148
100001390058855
100001395044254
100001400558105
100001401546026
100001412804513
100001423365182
100001424855768
100001435513624
100001446812660
100001449815332
100001450213357
100001464792962
100001468193578
100001468727431
100001485992451
100001486050138
100001496062934
100001501272210
100001507423903
100001509289936
100001518555513
100001518807017
100001561366705
100001561414974
100001563489408
100001567331423
100001588194440
100001608712202
100001613132389
100001615646342
100001622438272
100001629280818
100001642441946
100001661995882
100001662693823
100001663516954
100001668810524
100001692664903
100001707179214
100001708670073
100001710804247
100001718508715
100001721257790
100001784700375
100001796342926
100001807124206
100001815008352
100001816282142
100001821544776
100001832963636
100001843402903
100001843551155
100001845721180
100001852655203
100001861490340
100001883698406
100001884820950
100001894561193
100001911299192
100001930414064
100001933225300
100001941592234
100001948242149
100001966888898
100001977779221
100001978387659
100001978610085
100001981746622
100001988461038
100002008018813
100002012548834
100002013023608
100002019082165
100002019298606
100002037438082
100002037567087
100002038206669
100002040266587
100002049479073
100002051330412
100002055593103
100002065062822
100002075779942
100002076226098
100002079144230
100002091213188
100002108173739
100002114320925
100002116207138
100002117051168
100002117269312
100002128912880
100002130050527
100002141018142
100002164423584
100002167102166
100002190456823
100002197670431
100002201588846
100002212471901
100002226100912
100002247314277
100002248792921
100002280312810
100002287566323
100002287876316
100002290971412
100002302851096
100002305514839
100002315632037
100002319672270
100002335232611
100002346694799
100002350756071
100002350932746
100002383605233
100002388876180
100002426805991
100002432975659
100002433806985
100002434935381
100002438949057
100002442370877
100002451060675
100002481071299
100002524607579
100002535568647
100002551226024
100002578285291
100002594325924
100002601237943
100002604024395
100002607895323
100002609318308
100002635904877
100002661925386
100002666229051
100002671463014
100002672795102
100002698207532
100002709510378
100002734447124
100002734565796
100002747010131
100002761840629
100002778609692
100002851393740
100002886210552
100002896561287
100002908305640
100002920509456
100002941276589
100002946937130
100002953827821
100002955557483
100002957109309
100002973962330
100002993577826
100003013912971
100003058391294
100003059803162
100003065870043
100003072537333
100003087362158
100003101149351
100003150844339
100003159065332
100003171845927
100003181131737
100003188752449
100003254632127
100003319322186
100003320075024
100003333125559
100003366306726
100003382518889
100003472284983
100003480328716
100003510808198
100003518981298
100003531535768
100003532127344
100003553855494
100003587828566
100003652567033
100003680668458
100003704993816
100003722193612
100003766596294
100003781238827
100003890183393
100003890368762
100003913179246
100003945714966
100003954403010
100003964787268
100003972221774
100003989307437
100004003447258
100004026868849
100004030302034
100004043890307
100004079416585
100004086712643
100004127894035
100004145494226
100004159144650
100004283164667
100004308872075
100004433411543
100004436646189
100004453052434
100004455368601
100004640803842
100004693303111
100004702781547
100004897201362
100004902339769
100004989968578
100005233626326
100005258920889
100005541010347
100005567410503
100005686062632
100005744915404
100005945408804
100006491930134
100006551019577
100006566054038
100006731735316
100006982954996
